[
    {
        "role": "user",
        "content": "How can I extract the first two columns from a numpy matrix? I have a numpy array like this:\n\n```python\n array([[-0.57098887, -0.4274751 , -0.38459931, -0.58593526],\n        [-0.22279713, -0.51723555,  0.82462029,  0.05319973],\n        [ 0.67492385, -0.69294472, -0.2531966 ,  0.01403201],\n        [ 0.41086611,  0.26374238,  0.32859738, -0.80848795]])\n```\nI need to extract the first two columns from this array to get this result:\n\n```python\n   [-0.57098887, -0.4274751]\n   [-0.22279713, -0.51723555]\n   [ 0.67492385, -0.69294472]\n   [ 0.41086611,  0.26374238]\n```"
    },
    {
        "role": "assistant",
        "content": "To extract the first two columns from a NumPy array, you can use slicing. Here's how you can do it:\n\n```python\nimport numpy as np\n\n# Your original array\narray = np.array([[-0.57098887, -0.4274751 , -0.38459931, -0.58593526],\n                  [-0.22279713, -0.51723555,  0.82462029,  0.05319973],\n                  [ 0.67492385, -0.69294472, -0.2531966 ,  0.01403201],\n                  [ 0.41086611,  0.26374238,  0.32859738, -0.80848795]])\n\n# Extract the first two columns\nfirst_two_columns = array[:, :2]\n\nprint(first_two_columns)\n```\n\nThis will output:\n\n```python\n[[-0.57098887 -0.4274751 ]\n [-0.22279713 -0.51723555]\n [ 0.67492385 -0.69294472]\n [ 0.41086611  0.26374238]]\n```\n\nThe slicing `array[:, :2]` means that you are selecting all rows (`:`) and the first two columns (`:2`)."
    }
]